{
  "coordinate_space": "raw AnySplat/checkpoint coordinates",
  "source_image_count": 12,
  "test_every": 6,
  "train": [
    {
      "split": "train",
      "local_index": 0,
      "source_index": 1,
      "image_name": "frame_02.jpg",
      "K": [
        [
          407.599853515625,
          0.0,
          224.0
        ],
        [
          0.0,
          465.683837890625,
          224.0
        ],
        [
          0.0,
          0.0,
          1.0
        ]
      ],
      "camtoworld_initial": [
        [
          0.9999895691871643,
          -0.0009440334979444742,
          0.004458562936633825,
          0.0002494158106856048
        ],
        [
          0.0009709225269034505,
          0.9999813437461853,
          -0.006032559089362621,
          0.0050153713673353195
        ],
        [
          -0.0044527845457196236,
          0.00603682454675436,
          0.999971866607666,
          -0.0011160343419760466
        ],
        [
          0.0,
          0.0,
          0.0,
          1.0
        ]
      ],
      "camtoworld_optimized": [
        [
          0.9999976754188538,
          -0.0013959474163129926,
          0.004892838187515736,
          0.00028075501904822886
        ],
        [
          0.0014264469500631094,
          0.9999979734420776,
          -0.006296214181929827,
          0.004680299665778875
        ],
        [
          -0.0048819840885698795,
          0.00630651880055666,
          0.9999964833259583,
          -0.0008206418133340776
        ],
        [
          0.0,
          0.0,
          0.0,
          1.0
        ]
      ]
    },
    {
      "split": "train",
      "local_index": 1,
      "source_index": 2,
      "image_name": "frame_03.jpg",
      "K": [
        [
          407.325439453125,
          0.0,
          224.0
        ],
        [
          0.0,
          465.11541748046875,
          224.0
        ],
        [
          0.0,
          0.0,
          1.0
        ]
      ],
      "camtoworld_initial": [
        [
          0.9999880194664001,
          -0.0013183689443394542,
          0.004721092060208321,
          0.0004759894800372422
        ],
        [
          0.001345692086033523,
          0.9999822974205017,
          -0.005788964219391346,
          0.018984122201800346
        ],
        [
          -0.004713376518338919,
          0.005795247852802277,
          0.9999721050262451,
          0.0007316987030208111
        ],
        [
          0.0,
          0.0,
          0.0,
          1.0
        ]
      ],
      "camtoworld_optimized": [
        [
          0.9999977946281433,
          -0.001684859860688448,
          0.005087348632514477,
          0.0005289639811962843
        ],
        [
          0.001715386752039194,
          0.9999985694885254,
          -0.005950913764536381,
          0.01888551004230976
        ],
        [
          -0.005077377427369356,
          0.005957071669399738,
          0.9999973773956299,
          0.0011719968169927597
        ],
        [
          0.0,
          0.0,
          0.0,
          1.0
        ]
      ]
    },
    {
      "split": "train",
      "local_index": 2,
      "source_index": 3,
      "image_name": "frame_04.jpg",
      "K": [
        [
          407.62786865234375,
          0.0,
          224.0
        ],
        [
          0.0,
          465.8445129394531,
          224.0
        ],
        [
          0.0,
          0.0,
          1.0
        ]
      ],
      "camtoworld_initial": [
        [
          0.9999865889549255,
          -0.0015236269682645798,
          0.004939229693263769,
          0.0010523063829168677
        ],
        [
          0.0015577527228742838,
          0.9999749064445496,
          -0.0069126347079873085,
          0.03438790887594223
        ],
        [
          -0.004928573500365019,
          0.006920235697180033,
          0.9999639987945557,
          0.0015345693100243807
        ],
        [
          0.0,
          0.0,
          0.0,
          1.0
        ]
      ],
      "camtoworld_optimized": [
        [
          0.9999980926513672,
          -0.001970771700143814,
          0.005193287506699562,
          0.0009422361035831273
        ],
        [
          0.002006846945732832,
          0.9999979734420776,
          -0.007104002870619297,
          0.03432818129658699
        ],
        [
          -0.0051782140508294106,
          0.0071143521927297115,
          0.9999974370002747,
          0.0021444722078740597
        ],
        [
          0.0,
          0.0,
          0.0,
          1.0
        ]
      ]
    },
    {
      "split": "train",
      "local_index": 3,
      "source_index": 4,
      "image_name": "frame_05.jpg",
      "K": [
        [
          407.9965515136719,
          0.0,
          224.0
        ],
        [
          0.0,
          466.23602294921875,
          224.0
        ],
        [
          0.0,
          0.0,
          1.0
        ]
      ],
      "camtoworld_initial": [
        [
          0.9999845623970032,
          -0.0021467849146574736,
          0.00514435488730669,
          0.0012793990317732096
        ],
        [
          0.0021857942920178175,
          0.9999687671661377,
          -0.007589375134557486,
          0.049329884350299835
        ],
        [
          -0.005127902142703533,
          0.007600502111017704,
          0.9999579191207886,
          0.00429521081969142
        ],
        [
          0.0,
          0.0,
          0.0,
          1.0
        ]
      ],
      "camtoworld_optimized": [
        [
          1.0000004768371582,
          -0.0020889879669994116,
          0.0050649819895625114,
          0.0012732036411762238
        ],
        [
          0.0021274166647344828,
          0.9999988079071045,
          -0.007766305468976498,
          0.04934660717844963
        ],
        [
          -0.00504597183316946,
          0.007773460820317268,
          0.9999991059303284,
          0.004149210639297962
        ],
        [
          0.0,
          0.0,
          0.0,
          1.0
        ]
      ]
    },
    {
      "split": "train",
      "local_index": 4,
      "source_index": 5,
      "image_name": "frame_06.jpg",
      "K": [
        [
          407.95196533203125,
          0.0,
          224.0
        ],
        [
          0.0,
          466.0264892578125,
          224.0
        ],
        [
          0.0,
          0.0,
          1.0
        ]
      ],
      "camtoworld_initial": [
        [
          0.9999863505363464,
          -0.0014103191206231713,
          0.005032127257436514,
          0.0011947520542889833
        ],
        [
          0.0014548072358593345,
          0.9999598860740662,
          -0.008848123252391815,
          0.06433235853910446
        ],
        [
          -0.0050194463692605495,
          0.008855324238538742,
          0.9999481439590454,
          0.006091778632253408
        ],
        [
          0.0,
          0.0,
          0.0,
          1.0
        ]
      ],
      "camtoworld_optimized": [
        [
          0.9999992251396179,
          -0.0019489767728373408,
          0.005042349454015493,
          0.0014954641228541732
        ],
        [
          0.001991847762838006,
          1.000001072883606,
          -0.008632047101855278,
          0.06439799070358276
        ],
        [
          -0.005026564933359623,
          0.008642390370368958,
          1.0000017881393433,
          0.006462884601205587
        ],
        [
          0.0,
          0.0,
          0.0,
          1.0
        ]
      ]
    },
    {
      "split": "train",
      "local_index": 5,
      "source_index": 7,
      "image_name": "frame_08.jpg",
      "K": [
        [
          408.143798828125,
          0.0,
          224.0
        ],
        [
          0.0,
          466.54345703125,
          224.0
        ],
        [
          0.0,
          0.0,
          1.0
        ]
      ],
      "camtoworld_initial": [
        [
          0.9999880790710449,
          -0.002326785121113062,
          0.004286492243409157,
          0.001549605978652835
        ],
        [
          0.0023735123686492443,
          0.9999374151229858,
          -0.010928364470601082,
          0.09705222398042679
        ],
        [
          -0.004260796122252941,
          0.010938407853245735,
          0.9999310970306396,
          0.010953405871987343
        ],
        [
          0.0,
          0.0,
          0.0,
          1.0
        ]
      ],
      "camtoworld_optimized": [
        [
          0.9999987483024597,
          -0.0022594244219362736,
          0.004619747865945101,
          0.001833376125432551
        ],
        [
          0.0023072364274412394,
          1.0000038146972656,
          -0.010579034686088562,
          0.0970381423830986
        ],
        [
          -0.004594605416059494,
          0.010594788938760757,
          1.0000022649765015,
          0.011382768861949444
        ],
        [
          0.0,
          0.0,
          0.0,
          1.0
        ]
      ]
    },
    {
      "split": "train",
      "local_index": 6,
      "source_index": 8,
      "image_name": "frame_09.jpg",
      "K": [
        [
          408.1145935058594,
          0.0,
          224.0
        ],
        [
          0.0,
          466.54193115234375,
          224.0
        ],
        [
          0.0,
          0.0,
          1.0
        ]
      ],
      "camtoworld_initial": [
        [
          0.9999865889549255,
          -0.0027782355900853872,
          0.004378580488264561,
          0.0022045974619686604
        ],
        [
          0.0028279144316911697,
          0.9999312162399292,
          -0.011380861513316631,
          0.1140749603509903
        ],
        [
          -0.00434666033834219,
          0.011393091641366482,
          0.9999256134033203,
          0.01406947709619999
        ],
        [
          0.0,
          0.0,
          0.0,
          1.0
        ]
      ],
      "camtoworld_optimized": [
        [
          1.000000238418579,
          -0.002673701150342822,
          0.004367677494883537,
          0.0019804874900728464
        ],
        [
          0.0027224344667047262,
          1.000002145767212,
          -0.011216194368898869,
          0.11436603963375092
        ],
        [
          -0.004335001576691866,
          0.011223332025110722,
          1.0000019073486328,
          0.013725711032748222
        ],
        [
          0.0,
          0.0,
          0.0,
          1.0
        ]
      ]
    },
    {
      "split": "train",
      "local_index": 7,
      "source_index": 9,
      "image_name": "frame_10.jpg",
      "K": [
        [
          408.596923828125,
          0.0,
          224.0
        ],
        [
          0.0,
          467.3190002441406,
          224.0
        ],
        [
          0.0,
          0.0,
          1.0
        ]
      ],
      "camtoworld_initial": [
        [
          0.99998539686203,
          -0.0030783761758357286,
          0.004431792534887791,
          0.0022560807410627604
        ],
        [
          0.0031327989418059587,
          0.9999191761016846,
          -0.012325935997068882,
          0.13158616423606873
        ],
        [
          -0.004393489565700293,
          0.012339642271399498,
          0.9999141693115234,
          0.015564885921776295
        ],
        [
          0.0,
          0.0,
          0.0,
          1.0
        ]
      ],
      "camtoworld_optimized": [
        [
          1.0000009536743164,
          -0.0030017029494047165,
          0.004246853291988373,
          0.0021131341345608234
        ],
        [
          0.003052509156987071,
          1.000001072883606,
          -0.01225946843624115,
          0.13187724351882935
        ],
        [
          -0.004209872800856829,
          0.01226617768406868,
          1.0000016689300537,
          0.015178474597632885
        ],
        [
          0.0,
          0.0,
          0.0,
          1.0
        ]
      ]
    },
    {
      "split": "train",
      "local_index": 8,
      "source_index": 10,
      "image_name": "frame_11.jpg",
      "K": [
        [
          408.50634765625,
          0.0,
          224.0
        ],
        [
          0.0,
          467.28155517578125,
          224.0
        ],
        [
          0.0,
          0.0,
          1.0
        ]
      ],
      "camtoworld_initial": [
        [
          0.9999773502349854,
          -0.0044762929901480675,
          0.005040975287556648,
          0.002284023677930236
        ],
        [
          0.004542403854429722,
          0.9999028444290161,
          -0.013180484063923359,
          0.15404264628887177
        ],
        [
          -0.004981485195457935,
          0.013203083537518978,
          0.9999004602432251,
          0.019487202167510986
        ],
        [
          0.0,
          0.0,
          0.0,
          1.0
        ]
      ],
      "camtoworld_optimized": [
        [
          1.000005841255188,
          -0.0037797794211655855,
          0.004471450112760067,
          0.002156754955649376
        ],
        [
          0.00384059501811862,
          1.0000040531158447,
          -0.013112738728523254,
          0.15420813858509064
        ],
        [
          -0.004423739854246378,
          0.013129943050444126,
          1.000003695487976,
          0.018842391669750214
        ],
        [
          0.0,
          0.0,
          0.0,
          1.0
        ]
      ]
    },
    {
      "split": "train",
      "local_index": 9,
      "source_index": 11,
      "image_name": "frame_12.jpg",
      "K": [
        [
          407.99566650390625,
          0.0,
          224.0
        ],
        [
          0.0,
          468.08837890625,
          224.0
        ],
        [
          0.0,
          0.0,
          1.0
        ]
      ],
      "camtoworld_initial": [
        [
          0.9999834299087524,
          -0.004326257389038801,
          0.003806455060839653,
          0.002956485841423273
        ],
        [
          0.00438055070117116,
          0.9998871088027954,
          -0.014372613281011581,
          0.17882362008094788
        ],
        [
          -0.003743845969438553,
          0.01438904833048582,
          0.9998893737792969,
          0.021528340876102448
        ],
        [
          0.0,
          0.0,
          0.0,
          1.0
        ]
      ],
      "camtoworld_optimized": [
        [
          1.0000020265579224,
          -0.004209589678794146,
          0.0033925825264304876,
          0.0026316812727600336
        ],
        [
          0.004256733227521181,
          1.0000016689300537,
          -0.014294172637164593,
          0.17910221219062805
        ],
        [
          -0.0033316698390990496,
          0.014307240955531597,
          1.0000026226043701,
          0.02153407223522663
        ],
        [
          0.0,
          0.0,
          0.0,
          1.0
        ]
      ]
    }
  ],
  "validation": [
    {
      "split": "val",
      "heldout_index": 0,
      "source_index": 0,
      "image_name": "frame_01.jpg",
      "K": [
        [
          406.9723205566406,
          0.0,
          224.0
        ],
        [
          0.0,
          465.4031677246094,
          224.0
        ],
        [
          0.0,
          0.0,
          1.0
        ]
      ],
      "camtoworld": [
        [
          0.9999855756759644,
          -0.0007072541047818959,
          0.005324116442352533,
          -0.0005805481341667473
        ],
        [
          0.000736567541025579,
          0.9999845623970032,
          -0.005505839828401804,
          -0.009668722748756409
        ],
        [
          -0.005320139694958925,
          0.00550968199968338,
          0.9999706745147705,
          -0.0021675166208297014
        ],
        [
          0.0,
          0.0,
          0.0,
          1.0
        ]
      ]
    },
    {
      "split": "val",
      "heldout_index": 1,
      "source_index": 6,
      "image_name": "frame_07.jpg",
      "K": [
        [
          408.0805969238281,
          0.0,
          224.0
        ],
        [
          0.0,
          466.4679260253906,
          224.0
        ],
        [
          0.0,
          0.0,
          1.0
        ]
      ],
      "camtoworld": [
        [
          0.9999900460243225,
          -0.001399446395225823,
          0.0042387740686535835,
          0.001626260462217033
        ],
        [
          0.001439200364984572,
          0.9999549388885498,
          -0.009390181861817837,
          0.07896897941827774
        ],
        [
          -0.004225441720336676,
          0.009396187961101532,
          0.9999469518661499,
          0.007957983762025833
        ],
        [
          0.0,
          0.0,
          0.0,
          1.0
        ]
      ]
    }
  ]
}
