{
  "convention": {
    "camtoworld": "OpenCV camera-to-world; local +Z is look direction, local -Y is display up",
    "gaussian_transform": "none",
    "reason": "Preserves quaternion axes and view-dependent SH orientation"
  },
  "image_width": 448,
  "image_height": 448,
  "train_base": [
    {
      "split": "train_base",
      "local_index": 0,
      "source_index": 1,
      "image_name": "001_21_DSC0010.png",
      "optimized_pose": false,
      "camtoworld": [
        [
          0.9997302293777466,
          -0.005739884916692972,
          0.022507304325699806,
          0.008437096141278744
        ],
        [
          0.00565676111727953,
          0.9999769330024719,
          0.003755125217139721,
          -0.0009587088134139776
        ],
        [
          -0.022528337314724922,
          -0.003626793622970581,
          0.9997395873069763,
          -0.0016839820891618729
        ],
        [
          0.0,
          0.0,
          0.0,
          1.0
        ]
      ],
      "position": [
        0.008437096141278744,
        -0.0009587088134139776,
        -0.0016839820891618729
      ],
      "look_direction": [
        0.022507305201885253,
        0.003755125363322756,
        0.9997396262257763
      ],
      "up": [
        0.005739885012985655,
        -0.99997694977815,
        0.0036267936838139067
      ],
      "K": [
        [
          195.03030395507812,
          0.0,
          224.0
        ],
        [
          0.0,
          214.84983825683594,
          224.0
        ],
        [
          0.0,
          0.0,
          1.0
        ]
      ],
      "fov_x_degrees": 97.9097113843121,
      "fov_y_degrees": 92.38892510132975
    },
    {
      "split": "train_base",
      "local_index": 1,
      "source_index": 2,
      "image_name": "002_21_DSC0019.png",
      "optimized_pose": false,
      "camtoworld": [
        [
          0.9993647336959839,
          -0.002853658515959978,
          0.03552309423685074,
          -0.055268026888370514
        ],
        [
          0.002459733048453927,
          0.9999350905418396,
          0.011128039099276066,
          -0.002699419157579541
        ],
        [
          -0.03555254265666008,
          -0.011033592745661736,
          0.9993069171905518,
          0.040664948523044586
        ],
        [
          0.0,
          0.0,
          0.0,
          1.0
        ]
      ],
      "position": [
        -0.055268026888370514,
        -0.002699419157579541,
        0.040664948523044586
      ],
      "look_direction": [
        0.03552309355794689,
        0.01112803888660122,
        0.9993068980921784
      ],
      "up": [
        0.0028536584177474445,
        -0.9999350561277154,
        0.011033592365925656
      ],
      "K": [
        [
          194.13446044921875,
          0.0,
          224.0
        ],
        [
          0.0,
          214.25894165039062,
          224.0
        ],
        [
          0.0,
          0.0,
          1.0
        ]
      ],
      "fov_x_degrees": 98.17090428522515,
      "fov_y_degrees": 92.5465750796242
    },
    {
      "split": "train_base",
      "local_index": 2,
      "source_index": 3,
      "image_name": "003_21_DSC0028.png",
      "optimized_pose": false,
      "camtoworld": [
        [
          0.999539852142334,
          0.002110337605699897,
          0.03025979734957218,
          -0.11736568808555603
        ],
        [
          -0.0024847015738487244,
          0.9999208450317383,
          0.012339411303400993,
          -0.003063411917537451
        ],
        [
          -0.030231360346078873,
          -0.01240891870111227,
          0.9994658827781677,
          0.07025618851184845
        ],
        [
          0.0,
          0.0,
          0.0,
          1.0
        ]
      ],
      "position": [
        -0.11736568808555603,
        -0.003063411917537451,
        0.07025618851184845
      ],
      "look_direction": [
        0.030259797845159683,
        0.01233941150549283,
        0.9994658991471737
      ],
      "up": [
        -0.002110337467349209,
        -0.9999207794783709,
        0.01240891788760147
      ],
      "K": [
        [
          193.2267608642578,
          0.0,
          224.0
        ],
        [
          0.0,
          213.20321655273438,
          224.0
        ],
        [
          0.0,
          0.0,
          1.0
        ]
      ],
      "fov_x_degrees": 98.43661066003754,
      "fov_y_degrees": 92.82927660899182
    },
    {
      "split": "train_base",
      "local_index": 3,
      "source_index": 4,
      "image_name": "004_21_DSC0037.png",
      "optimized_pose": false,
      "camtoworld": [
        [
          0.9982808232307434,
          0.000446330348495394,
          0.05861038714647293,
          -0.16822992265224457
        ],
        [
          -0.00111357681453228,
          0.99993497133255,
          0.01135227084159851,
          -0.0035938750952482224
        ],
        [
          -0.058601509779691696,
          -0.01139802299439907,
          0.9982163310050964,
          0.09541548043489456
        ],
        [
          0.0,
          0.0,
          0.0,
          1.0
        ]
      ],
      "position": [
        -0.16822992265224457,
        -0.0035938750952482224,
        0.09541548043489456
      ],
      "look_direction": [
        0.05861039022293249,
        0.011352271437479272,
        0.9982163834014774
      ],
      "up": [
        -0.0004463303348750017,
        -0.9999349408181416,
        0.011398022646572522
      ],
      "K": [
        [
          192.8661651611328,
          0.0,
          224.0
        ],
        [
          0.0,
          212.73770141601562,
          224.0
        ],
        [
          0.0,
          0.0,
          1.0
        ]
      ],
      "fov_x_degrees": 98.54246203316646,
      "fov_y_degrees": 92.95435542580516
    },
    {
      "split": "train_base",
      "local_index": 4,
      "source_index": 5,
      "image_name": "005_21_DSC0046.png",
      "optimized_pose": false,
      "camtoworld": [
        [
          0.9939190745353699,
          -0.0039562322199344635,
          0.11004162579774857,
          -0.22952742874622345
        ],
        [
          0.0027250840794295073,
          0.9999319911003113,
          0.011336168274283409,
          -0.005021408200263977
        ],
        [
          -0.11007899045944214,
          -0.010967363603413105,
          0.9938622713088989,
          0.1398494839668274
        ],
        [
          0.0,
          0.0,
          0.0,
          1.0
        ]
      ],
      "position": [
        -0.22952742874622345,
        -0.005021408200263977,
        0.1398494839668274
      ],
      "look_direction": [
        0.1100416322654106,
        0.011336168940563142,
        0.993862329722842
      ],
      "up": [
        0.003956232374892927,
        -0.9999320302658395,
        0.010967364032984908
      ],
      "K": [
        [
          191.93634033203125,
          0.0,
          224.0
        ],
        [
          0.0,
          211.72506713867188,
          224.0
        ],
        [
          0.0,
          0.0,
          1.0
        ]
      ],
      "fov_x_degrees": 98.81618688478912,
      "fov_y_degrees": 93.22733731254728
    },
    {
      "split": "train_base",
      "local_index": 5,
      "source_index": 7,
      "image_name": "007_21_DSC0064.png",
      "optimized_pose": false,
      "camtoworld": [
        [
          0.9962536692619324,
          -0.003435532795265317,
          0.08641114830970764,
          -0.3346599042415619
        ],
        [
          0.002595549914985895,
          0.9999483227729797,
          0.009831240400671959,
          -0.00595823721960187
        ],
        [
          -0.08644045144319534,
          -0.009570125490427017,
          0.996211051940918,
          0.22081589698791504
        ],
        [
          0.0,
          0.0,
          0.0,
          1.0
        ]
      ],
      "position": [
        -0.3346599042415619,
        -0.00595823721960187,
        0.22081589698791504
      ],
      "look_direction": [
        0.08641114831622096,
        0.009831240401412996,
        0.9962110520160082
      ],
      "up": [
        0.0034355327292962434,
        -0.99994830357198,
        0.009570125306661544
      ],
      "K": [
        [
          190.6681671142578,
          0.0,
          224.0
        ],
        [
          0.0,
          210.58963012695312,
          224.0
        ],
        [
          0.0,
          0.0,
          1.0
        ]
      ],
      "fov_x_degrees": 99.1913302869492,
      "fov_y_degrees": 93.53489272519494
    },
    {
      "split": "train_base",
      "local_index": 6,
      "source_index": 8,
      "image_name": "008_21_DSC0073.png",
      "optimized_pose": false,
      "camtoworld": [
        [
          0.9959347248077393,
          -0.0015415813541039824,
          0.09006533771753311,
          -0.38462498784065247
        ],
        [
          0.00043799245031550527,
          0.9999246001243591,
          0.012271685525774956,
          -0.005256339907646179
        ],
        [
          -0.09007745236158371,
          -0.012182348407804966,
          0.9958602786064148,
          0.2606458067893982
        ],
        [
          0.0,
          0.0,
          0.0,
          1.0
        ]
      ],
      "position": [
        -0.38462498784065247,
        -0.005256339907646179,
        0.2606458067893982
      ],
      "look_direction": [
        0.09006533529343082,
        0.012271685195483393,
        0.9958602518029046
      ],
      "up": [
        0.0015415813602551543,
        -0.9999246041142283,
        0.012182348456414608
      ],
      "K": [
        [
          190.99888610839844,
          0.0,
          224.0
        ],
        [
          0.0,
          211.3571014404297,
          224.0
        ],
        [
          0.0,
          0.0,
          1.0
        ]
      ],
      "fov_x_degrees": 99.09329671001109,
      "fov_y_degrees": 93.32683764642887
    },
    {
      "split": "train_base",
      "local_index": 7,
      "source_index": 9,
      "image_name": "009_21_DSC0082.png",
      "optimized_pose": false,
      "camtoworld": [
        [
          0.9960726499557495,
          -0.004731748718768358,
          0.08841254562139511,
          -0.4334925711154938
        ],
        [
          0.004361508414149284,
          0.9999809861183167,
          0.004380351398140192,
          -0.006105311214923859
        ],
        [
          -0.08843158185482025,
          -0.003977537155151367,
          0.9960743188858032,
          0.29660817980766296
        ],
        [
          0.0,
          0.0,
          0.0,
          1.0
        ]
      ],
      "position": [
        -0.4334925711154938,
        -0.006105311214923859,
        0.29660817980766296
      ],
      "look_direction": [
        0.08841254498281592,
        0.0043803513665021335,
        0.9960743116914359
      ],
      "up": [
        0.004731748286177946,
        -0.9999808946971079,
        0.003977536791513198
      ],
      "K": [
        [
          190.286376953125,
          0.0,
          224.0
        ],
        [
          0.0,
          210.3873291015625,
          224.0
        ],
        [
          0.0,
          0.0,
          1.0
        ]
      ],
      "fov_x_degrees": 99.30468048644613,
      "fov_y_degrees": 93.58985344653496
    },
    {
      "split": "train_base",
      "local_index": 8,
      "source_index": 10,
      "image_name": "010_21_DSC0091.png",
      "optimized_pose": false,
      "camtoworld": [
        [
          0.9981953501701355,
          -0.007821309380233288,
          0.05953776463866234,
          -0.4810994565486908
        ],
        [
          0.007999533787369728,
          0.9999642968177795,
          -0.0027557131834328175,
          -0.006287830416113138
        ],
        [
          -0.05951407179236412,
          0.003227014560252428,
          0.998222291469574,
          0.33534160256385803
        ],
        [
          0.0,
          0.0,
          0.0,
          1.0
        ]
      ],
      "position": [
        -0.4810994565486908,
        -0.006287830416113138,
        0.33534160256385803
      ],
      "look_direction": [
        0.05953776218094103,
        -0.0027557130696768666,
        0.9982222502629178
      ],
      "up": [
        0.007821308670787166,
        -0.9999642061141956,
        -0.0032270142675401912
      ],
      "K": [
        [
          190.0531005859375,
          0.0,
          224.0
        ],
        [
          0.0,
          210.58587646484375,
          224.0
        ],
        [
          0.0,
          0.0,
          1.0
        ]
      ],
      "fov_x_degrees": 99.37403212033655,
      "fov_y_degrees": 93.5359120612796
    },
    {
      "split": "train_base",
      "local_index": 9,
      "source_index": 11,
      "image_name": "011_21_DSC0100.png",
      "optimized_pose": false,
      "camtoworld": [
        [
          0.9963104128837585,
          -0.0021991149988025427,
          0.08579457551240921,
          -0.5259556770324707
        ],
        [
          0.0021909442730247974,
          0.999997615814209,
          0.00018938934954348952,
          -0.006910697557032108
        ],
        [
          -0.08579478412866592,
          -7.193762598944886e-07,
          0.9963127970695496,
          0.3717641830444336
        ],
        [
          0.0,
          0.0,
          0.0,
          1.0
        ]
      ],
      "position": [
        -0.5259556770324707,
        -0.006910697557032108,
        0.3717641830444336
      ],
      "look_direction": [
        0.08579457831530828,
        0.0001893893557308181,
        0.9963128296189758
      ],
      "up": [
        0.0021991149243169848,
        -0.9999975819435927,
        7.193762355287132e-07
      ],
      "K": [
        [
          187.98284912109375,
          0.0,
          224.0
        ],
        [
          0.0,
          208.1230010986328,
          224.0
        ],
        [
          0.0,
          0.0,
          1.0
        ]
      ],
      "fov_x_degrees": 99.99263593811072,
      "fov_y_degrees": 94.20841292911767
    }
  ],
  "train_pose_optimized": [
    {
      "split": "train",
      "local_index": 0,
      "source_index": 1,
      "image_name": "001_21_DSC0010.png",
      "optimized_pose": true,
      "camtoworld": [
        [
          0.9995009899139404,
          -0.005641153547912836,
          0.023007776588201523,
          0.008829072117805481
        ],
        [
          0.00555016566067934,
          0.9999997019767761,
          0.003980856854468584,
          -0.0012826328165829182
        ],
        [
          -0.023023931309580803,
          -0.0038505708798766136,
          0.9994995594024658,
          -0.001165329129435122
        ],
        [
          0.0,
          0.0,
          0.0,
          1.0
        ]
      ],
      "position": [
        0.008829072117805481,
        -0.0012826328165829182,
        -0.001165329129435122
      ],
      "look_direction": [
        0.023013017545367522,
        0.00398176365657431,
        0.9997272360907448
      ],
      "up": [
        0.00564102365507097,
        -0.9999766760474069,
        0.003850482216877079
      ],
      "K": [
        [
          195.03030395507812,
          0.0,
          224.0
        ],
        [
          0.0,
          214.84983825683594,
          224.0
        ],
        [
          0.0,
          0.0,
          1.0
        ]
      ],
      "fov_x_degrees": 97.9097113843121,
      "fov_y_degrees": 92.38892510132975
    },
    {
      "split": "train",
      "local_index": 1,
      "source_index": 2,
      "image_name": "002_21_DSC0019.png",
      "optimized_pose": true,
      "camtoworld": [
        [
          0.9995337128639221,
          -0.0023727521765977144,
          0.03494071960449219,
          -0.055682260543107986
        ],
        [
          0.0020061079412698746,
          1.0000073909759521,
          0.010560506954789162,
          -0.0026773991994559765
        ],
        [
          -0.03496500477194786,
          -0.01047893799841404,
          0.9995387196540833,
          0.040091175585985184
        ],
        [
          0.0,
          0.0,
          0.0,
          1.0
        ]
      ],
      "position": [
        -0.055682260543107986,
        -0.0026773991994559765,
        0.040091175585985184
      ],
      "look_direction": [
        0.03493355843009579,
        0.010558342556549123,
        0.9993338620790699
      ],
      "up": [
        0.002372597701670318,
        -0.999942286802562,
        0.0104782557808599
      ],
      "K": [
        [
          194.13446044921875,
          0.0,
          224.0
        ],
        [
          0.0,
          214.25894165039062,
          224.0
        ],
        [
          0.0,
          0.0,
          1.0
        ]
      ],
      "fov_x_degrees": 98.17090428522515,
      "fov_y_degrees": 92.5465750796242
    },
    {
      "split": "train",
      "local_index": 2,
      "source_index": 3,
      "image_name": "003_21_DSC0028.png",
      "optimized_pose": true,
      "camtoworld": [
        [
          0.9995129108428955,
          0.0021839062683284283,
          0.03021244890987873,
          -0.1171359121799469
        ],
        [
          -0.002565826987847686,
          0.999997079372406,
          0.012560362927615643,
          -0.0029292688705027103
        ],
        [
          -0.03018045425415039,
          -0.012631257064640522,
          0.9995102882385254,
          0.07034265995025635
        ],
        [
          0.0,
          0.0,
          0.0,
          1.0
        ]
      ],
      "position": [
        -0.1171359121799469,
        -0.0029292688705027103,
        0.07034265995025635
      ],
      "look_direction": [
        0.030211068732406015,
        0.012559789139968917,
        0.9994646281999204
      ],
      "up": [
        -0.0021837332395954734,
        -0.9999178505931714,
        0.012630256302640239
      ],
      "K": [
        [
          193.2267608642578,
          0.0,
          224.0
        ],
        [
          0.0,
          213.20321655273438,
          224.0
        ],
        [
          0.0,
          0.0,
          1.0
        ]
      ],
      "fov_x_degrees": 98.43661066003754,
      "fov_y_degrees": 92.82927660899182
    },
    {
      "split": "train",
      "local_index": 3,
      "source_index": 4,
      "image_name": "004_21_DSC0037.png",
      "optimized_pose": true,
      "camtoworld": [
        [
          0.9980209469795227,
          0.0006093920092098415,
          0.0590638630092144,
          -0.16809462010860443
        ],
        [
          -0.0012954396661370993,
          0.9999973177909851,
          0.011574015952646732,
          -0.0038204477168619633
        ],
        [
          -0.05903123691678047,
          -0.011630186811089516,
          0.9980185627937317,
          0.0959046259522438
        ],
        [
          0.0,
          0.0,
          0.0,
          1.0
        ]
      ],
      "position": [
        -0.16809462010860443,
        -0.0038204477168619633,
        0.0959046259522438
      ],
      "look_direction": [
        0.05907380155205715,
        0.011575963486173114,
        0.9981864971234359
      ],
      "up": [
        -0.0006093523208894455,
        -0.9999321902321333,
        0.011629429363381887
      ],
      "K": [
        [
          192.8661651611328,
          0.0,
          224.0
        ],
        [
          0.0,
          212.73770141601562,
          224.0
        ],
        [
          0.0,
          0.0,
          1.0
        ]
      ],
      "fov_x_degrees": 98.54246203316646,
      "fov_y_degrees": 92.95435542580516
    },
    {
      "split": "train",
      "local_index": 4,
      "source_index": 5,
      "image_name": "005_21_DSC0046.png",
      "optimized_pose": true,
      "camtoworld": [
        [
          0.9940892457962036,
          -0.003956466913223267,
          0.11051032692193985,
          -0.22941386699676514
        ],
        [
          0.0026901676319539547,
          0.9999969005584717,
          0.011615358293056488,
          -0.004868623800575733
        ],
        [
          -0.11057189851999283,
          -0.01124942023307085,
          0.9935978055000305,
          0.14022131264209747
        ],
        [
          0.0,
          0.0,
          0.0,
          1.0
        ]
      ],
      "position": [
        -0.22941386699676514,
        -0.004868623800575733,
        0.14022131264209747
      ],
      "look_direction": [
        0.11053331759024844,
        0.011617774762695474,
        0.993804514485649
      ],
      "up": [
        0.003956197892580374,
        -0.9999289055985796,
        0.011248655326822512
      ],
      "K": [
        [
          191.93634033203125,
          0.0,
          224.0
        ],
        [
          0.0,
          211.72506713867188,
          224.0
        ],
        [
          0.0,
          0.0,
          1.0
        ]
      ],
      "fov_x_degrees": 98.81618688478912,
      "fov_y_degrees": 93.22733731254728
    },
    {
      "split": "train",
      "local_index": 5,
      "source_index": 7,
      "image_name": "007_21_DSC0064.png",
      "optimized_pose": true,
      "camtoworld": [
        [
          0.9960916042327881,
          -0.0032796142622828484,
          0.08645661920309067,
          -0.33479568362236023
        ],
        [
          0.002412481466308236,
          0.9999973773956299,
          0.010145270265638828,
          -0.005659384652972221
        ],
        [
          -0.08645588159561157,
          -0.009892769157886505,
          0.9960880279541016,
          0.22106993198394775
        ],
        [
          0.0,
          0.0,
          0.0,
          1.0
        ]
      ],
      "position": [
        -0.33479568362236023,
        -0.005659384652972221,
        0.22106993198394775
      ],
      "look_direction": [
        0.08646660524826542,
        0.010146442080221871,
        0.9962030796428776
      ],
      "up": [
        0.0032794447561822772,
        -0.9999456927636983,
        0.009892257852412843
      ],
      "K": [
        [
          190.6681671142578,
          0.0,
          224.0
        ],
        [
          0.0,
          210.58963012695312,
          224.0
        ],
        [
          0.0,
          0.0,
          1.0
        ]
      ],
      "fov_x_degrees": 99.1913302869492,
      "fov_y_degrees": 93.53489272519494
    },
    {
      "split": "train",
      "local_index": 6,
      "source_index": 8,
      "image_name": "008_21_DSC0073.png",
      "optimized_pose": true,
      "camtoworld": [
        [
          0.9961194396018982,
          -0.0009896092815324664,
          0.08981287479400635,
          -0.38499921560287476
        ],
        [
          -0.00011272277333773673,
          1.0000001192092896,
          0.01227244921028614,
          -0.005349977873265743
        ],
        [
          -0.08980612456798553,
          -0.012238393537700176,
          0.9961185455322266,
          0.2603595554828644
        ],
        [
          0.0,
          0.0,
          0.0,
          1.0
        ]
      ],
      "position": [
        -0.38499921560287476,
        -0.005349977873265743,
        0.2603595554828644
      ],
      "look_direction": [
        0.08979181559464594,
        0.012269571583273837,
        0.9958849770256503
      ],
      "up": [
        0.0009895345764603077,
        -0.9999246297383858,
        0.012237469667957437
      ],
      "K": [
        [
          190.99888610839844,
          0.0,
          224.0
        ],
        [
          0.0,
          211.3571014404297,
          224.0
        ],
        [
          0.0,
          0.0,
          1.0
        ]
      ],
      "fov_x_degrees": 99.09329671001109,
      "fov_y_degrees": 93.32683764642887
    },
    {
      "split": "train",
      "local_index": 7,
      "source_index": 9,
      "image_name": "009_21_DSC0082.png",
      "optimized_pose": true,
      "camtoworld": [
        [
          0.9961287975311279,
          -0.005259307567030191,
          0.08801669627428055,
          -0.4333309531211853
        ],
        [
          0.004914720077067614,
          0.9999986290931702,
          0.004135061986744404,
          -0.0061272261664271355
        ],
        [
          -0.08801750838756561,
          -0.0036886841990053654,
          0.9961323738098145,
          0.2966025471687317
        ],
        [
          0.0,
          0.0,
          0.0,
          1.0
        ]
      ],
      "position": [
        -0.4333309531211853,
        -0.0061272261664271355,
        0.2966025471687317
      ],
      "look_direction": [
        0.08801477124890106,
        0.004134971548229813,
        0.99611058726042
      ],
      "up": [
        0.00525920626282022,
        -0.9999793672284092,
        0.0036886131479717736
      ],
      "K": [
        [
          190.286376953125,
          0.0,
          224.0
        ],
        [
          0.0,
          210.3873291015625,
          224.0
        ],
        [
          0.0,
          0.0,
          1.0
        ]
      ],
      "fov_x_degrees": 99.30468048644613,
      "fov_y_degrees": 93.58985344653496
    },
    {
      "split": "train",
      "local_index": 8,
      "source_index": 10,
      "image_name": "010_21_DSC0091.png",
      "optimized_pose": true,
      "camtoworld": [
        [
          0.9980740547180176,
          -0.0073214382864534855,
          0.05914895981550217,
          -0.48163071274757385
        ],
        [
          0.007523165550082922,
          1.0000028610229492,
          -0.0031097501050680876,
          -0.006349706090986729
        ],
        [
          -0.05911748483777046,
          0.0035487727727741003,
          0.998069167137146,
          0.33504146337509155
        ],
        [
          0.0,
          0.0,
          0.0,
          1.0
        ]
      ],
      "position": [
        -0.48163071274757385,
        -0.006349706090986729,
        0.33504146337509155
      ],
      "look_direction": [
        0.059159303766208704,
        -0.0031102939371472453,
        0.998243709145979
      ],
      "up": [
        0.007321175024292201,
        -0.9999669032091724,
        -0.0035486451670286834
      ],
      "K": [
        [
          190.0531005859375,
          0.0,
          224.0
        ],
        [
          0.0,
          210.58587646484375,
          224.0
        ],
        [
          0.0,
          0.0,
          1.0
        ]
      ],
      "fov_x_degrees": 99.37403212033655,
      "fov_y_degrees": 93.5359120612796
    },
    {
      "split": "train",
      "local_index": 9,
      "source_index": 11,
      "image_name": "011_21_DSC0100.png",
      "optimized_pose": true,
      "camtoworld": [
        [
          0.9960567951202393,
          -0.0027323290705680847,
          0.08623074740171432,
          -0.5255511403083801
        ],
        [
          0.002706448547542095,
          0.9999988675117493,
          0.0004257767868693918,
          -0.0071188160218298435
        ],
        [
          -0.08623126894235611,
          -0.0001908070407807827,
          0.99605792760849,
          0.37217333912849426
        ],
        [
          0.0,
          0.0,
          0.0,
          1.0
        ]
      ],
      "position": [
        -0.5255511403083801,
        -0.0071188160218298435,
        0.37217333912849426
      ],
      "look_direction": [
        0.08624940869372265,
        0.00042586892969766996,
        0.996273485613081
      ],
      "up": [
        0.0027323219159183904,
        -0.9999962489978709,
        0.00019080654114933247
      ],
      "K": [
        [
          187.98284912109375,
          0.0,
          224.0
        ],
        [
          0.0,
          208.1230010986328,
          224.0
        ],
        [
          0.0,
          0.0,
          1.0
        ]
      ],
      "fov_x_degrees": 99.99263593811072,
      "fov_y_degrees": 94.20841292911767
    }
  ],
  "validation": [
    {
      "split": "validation",
      "local_index": 0,
      "source_index": 0,
      "image_name": "000_21_DSC0001.png",
      "optimized_pose": false,
      "camtoworld": [
        [
          0.9995247721672058,
          -0.003790113842114806,
          0.03059064783155918,
          0.07116291671991348
        ],
        [
          0.003685189411044121,
          0.9999871850013733,
          0.003485601395368576,
          -0.00022281517158262432
        ],
        [
          -0.03060346469283104,
          -0.0033712126314640045,
          0.9995259046554565,
          -0.059917252510786057
        ],
        [
          0.0,
          0.0,
          0.0,
          1.0
        ]
      ],
      "position": [
        0.07116291671991348,
        -0.00022281517158262432,
        -0.059917252510786057
      ],
      "look_direction": [
        0.03059064827161865,
        0.0034856014455104333,
        0.9995259190340614
      ],
      "up": [
        0.0037901136522215636,
        -0.9999871348997624,
        0.0033712124625586565
      ],
      "K": [
        [
          195.46279907226562,
          0.0,
          224.0
        ],
        [
          0.0,
          215.39617919921875,
          224.0
        ],
        [
          0.0,
          0.0,
          1.0
        ]
      ],
      "fov_x_degrees": 97.78398254656518,
      "fov_y_degrees": 92.24353171080504
    },
    {
      "split": "validation",
      "local_index": 1,
      "source_index": 6,
      "image_name": "006_21_DSC0055.png",
      "optimized_pose": false,
      "camtoworld": [
        [
          0.9966148734092712,
          -0.004074642900377512,
          0.08211105316877365,
          -0.2870320975780487
        ],
        [
          0.003197183832526207,
          0.9999364018440247,
          0.010814898647367954,
          -0.005818353500217199
        ],
        [
          -0.08214990049600601,
          -0.010515764355659485,
          0.9965644478797913,
          0.18263570964336395
        ],
        [
          0.0,
          0.0,
          0.0,
          1.0
        ]
      ],
      "position": [
        -0.2870320975780487,
        -0.005818353500217199,
        0.18263570964336395
      ],
      "look_direction": [
        0.08211105785472084,
        0.010814899264557016,
        0.996564504752139
      ],
      "up": [
        0.004074642917190459,
        -0.9999364059700002,
        0.010515764399050031
      ],
      "K": [
        [
          191.3707275390625,
          0.0,
          224.0
        ],
        [
          0.0,
          211.08692932128906,
          224.0
        ],
        [
          0.0,
          0.0,
          1.0
        ]
      ],
      "fov_x_degrees": 98.98324393880002,
      "fov_y_degrees": 93.39999791440896
    }
  ],
  "spark_recommended": {
    "coordinate_space": "raw AnySplat / checkpoint coordinates; no Gaussian transform applied",
    "source_validation_frame": "006_21_DSC0055.png",
    "position": [
      -0.2870320975780487,
      -0.005818353500217199,
      0.18263570964336395
    ],
    "lookAt": [
      -0.24699418371703127,
      -0.0005449345907198632,
      0.6685673836550347
    ],
    "up": [
      0.004074642917190459,
      -0.9999364059700002,
      0.010515764399050031
    ],
    "fov_degrees": 93.39999791440896,
    "near": 0.04161333539968586,
    "far": 2.8144882577097423,
    "look_direction": [
      0.08211105785472085,
      0.010814899264557018,
      0.9965645047521391
    ],
    "focus_distance": 0.4876068450105288
  }
}
