{
  "schema": "gsplat-v1.4-export-render/v1",
  "checkpoint": "/data1/laizhihao/vggt_gaussian_compare_20260719/outputs/gsplat/road170_rtk_crossstrip_preview_v14/pruned_obvious_outliers_v3/ckpt_2999_pruned_obvious_outliers.pt",
  "checkpoint_step": 2999,
  "data_dir": "/data1/laizhihao/vggt_gaussian_compare_20260719/inputs/road170_rtk_crossstrip_clean_v13",
  "gaussian_count": 1804063,
  "complete_gaussian_set": true,
  "ply": {
    "path": "/data1/laizhihao/vggt_gaussian_compare_20260719/outputs/gsplat/road170_rtk_crossstrip_preview_v14/showcase_export_step2999_pruned_v3/gaussians/scene_full.ply",
    "gaussian_count": 1804063,
    "sh_degree": 3,
    "sh_coefficients_per_channel": 16,
    "property_count": 62,
    "record_bytes": 248,
    "header_bytes": 1687,
    "file_bytes": 447409311,
    "quaternion_order": "wxyz",
    "scale_storage": "natural logarithm (checkpoint-native)",
    "opacity_storage": "logit (checkpoint-native)",
    "sh_layout": "f_dc RGB; f_rest channel-major (R then G then B)"
  },
  "legacy_splat": {
    "path": "/data1/laizhihao/vggt_gaussian_compare_20260719/outputs/gsplat/road170_rtk_crossstrip_preview_v14/showcase_export_step2999_pruned_v3/gaussians/scene_full_legacy.splat",
    "gaussian_count": 1804063,
    "record_bytes": 32,
    "file_bytes": 57730016,
    "layout": "position f32x3, activated scale f32x3, RGBA u8x4, quaternion wxyz u8x4",
    "color": "RGB = clip(0.5 + SH_C0 * SH_DC); higher-order SH omitted",
    "filtering": "none; complete Gaussian set, original order"
  },
  "numeric": {
    "means_min": [
      -22.912582397460938,
      -18.874130249023438,
      -9.487020492553711
    ],
    "means_max": [
      0.6993601322174072,
      6.3674798011779785,
      17.193077087402344
    ],
    "scale_min": 4.05926039093174e-06,
    "scale_max": 10.637848854064941,
    "opacity_min": 0.000662191363517195,
    "opacity_max": 1.0,
    "opacity_mean": 0.46616455912590027
  },
  "render": {
    "split": "val",
    "test_every": 8,
    "heldout_global_indices": [
      0,
      8,
      16,
      24,
      32,
      40,
      48,
      56,
      64,
      72,
      80,
      88,
      96,
      104,
      112,
      120,
      128,
      136,
      144,
      152,
      160,
      168
    ],
    "frame_count": 22,
    "frames": [
      {
        "heldout_index": 0,
        "global_index": 0,
        "slug": "frame_00",
        "camera_id": "CAM_MAIN",
        "source_image": "DJI_20241217084340_0034_D.JPG",
        "resolution": [
          1319,
          988
        ],
        "render_seconds": 0.32511281967163086,
        "psnr": 19.434535984274913,
        "alpha_mean": 0.9861262440681458,
        "alpha_coverage_gt_0_05": 1.0,
        "alpha_coverage_gt_0_10": 1.0,
        "render_black_ratio_lt_0_02": 0.0,
        "depth_valid_fraction": 1.0,
        "depth_visualization_quantiles": {
          "p02": 0.46334038555622103,
          "p98": 4.628318138122568
        },
        "K": [
          [
            875.0769653320312,
            0.0,
            660.0736694335938
          ],
          [
            0.0,
            901.574951171875,
            494.5352783203125
          ],
          [
            0.0,
            0.0,
            1.0
          ]
        ],
        "camtoworld": [
          [
            0.08412668108940125,
            0.3902561664581299,
            -0.9168548583984375,
            0.871415376663208
          ],
          [
            -0.5601287484169006,
            -0.7424660921096802,
            -0.3674232065677643,
            -0.17489226162433624
          ],
          [
            -0.8241228461265564,
            0.5444669127464294,
            0.15613248944282532,
            1.010544776916504
          ],
          [
            0.0,
            0.0,
            0.0,
            1.0
          ]
        ]
      },
      {
        "heldout_index": 1,
        "global_index": 8,
        "slug": "frame_08",
        "camera_id": "CAM_MAIN",
        "source_image": "DJI_20241217084357_0042_D.JPG",
        "resolution": [
          1319,
          988
        ],
        "render_seconds": 0.00468754768371582,
        "psnr": 20.64627821438505,
        "alpha_mean": 0.9985750317573547,
        "alpha_coverage_gt_0_05": 1.0,
        "alpha_coverage_gt_0_10": 1.0,
        "render_black_ratio_lt_0_02": 0.0,
        "depth_valid_fraction": 1.0,
        "depth_visualization_quantiles": {
          "p02": 0.46288762986660004,
          "p98": 1.3893324923515327
        },
        "K": [
          [
            875.0769653320312,
            0.0,
            660.0736694335938
          ],
          [
            0.0,
            901.574951171875,
            494.5352783203125
          ],
          [
            0.0,
            0.0,
            1.0
          ]
        ],
        "camtoworld": [
          [
            0.38245007395744324,
            -0.1371963918209076,
            -0.9137336015701294,
            0.7357624769210815
          ],
          [
            -0.672012448310852,
            0.637404203414917,
            -0.37698161602020264,
            0.06018561124801636
          ],
          [
            0.6341381669044495,
            0.7582170367240906,
            0.15157759189605713,
            0.77668297290802
          ],
          [
            0.0,
            0.0,
            0.0,
            1.0
          ]
        ]
      },
      {
        "heldout_index": 2,
        "global_index": 16,
        "slug": "frame_16",
        "camera_id": "CAM_MAIN",
        "source_image": "DJI_20241217084413_0050_D.JPG",
        "resolution": [
          1319,
          988
        ],
        "render_seconds": 0.004408597946166992,
        "psnr": 22.16723252498128,
        "alpha_mean": 0.9980610609054565,
        "alpha_coverage_gt_0_05": 1.0,
        "alpha_coverage_gt_0_10": 1.0,
        "render_black_ratio_lt_0_02": 0.0,
        "depth_valid_fraction": 1.0,
        "depth_visualization_quantiles": {
          "p02": 0.3879539257287979,
          "p98": 1.1917478919029245
        },
        "K": [
          [
            875.0769653320312,
            0.0,
            660.0736694335938
          ],
          [
            0.0,
            901.574951171875,
            494.5352783203125
          ],
          [
            0.0,
            0.0,
            1.0
          ]
        ],
        "camtoworld": [
          [
            0.39122405648231506,
            -0.12720145285129547,
            -0.9114623069763184,
            0.7543860077857971
          ],
          [
            -0.6665254235267639,
            0.6437541842460632,
            -0.37593135237693787,
            -0.17631196975708008
          ],
          [
            0.634576678276062,
            0.7545862197875977,
            0.16706912219524384,
            0.3303045928478241
          ],
          [
            0.0,
            0.0,
            0.0,
            1.0
          ]
        ]
      },
      {
        "heldout_index": 3,
        "global_index": 24,
        "slug": "frame_24",
        "camera_id": "CAM_MAIN",
        "source_image": "DJI_20241217084429_0058_D.JPG",
        "resolution": [
          1319,
          988
        ],
        "render_seconds": 0.004175662994384766,
        "psnr": 21.358447785960955,
        "alpha_mean": 0.9960924386978149,
        "alpha_coverage_gt_0_05": 1.0,
        "alpha_coverage_gt_0_10": 1.0,
        "render_black_ratio_lt_0_02": 0.0,
        "depth_valid_fraction": 1.0,
        "depth_visualization_quantiles": {
          "p02": 0.3702238166332245,
          "p98": 2.1296171474456793
        },
        "K": [
          [
            875.0769653320312,
            0.0,
            660.0736694335938
          ],
          [
            0.0,
            901.574951171875,
            494.5352783203125
          ],
          [
            0.0,
            0.0,
            1.0
          ]
        ],
        "camtoworld": [
          [
            0.3937942385673523,
            -0.10488121956586838,
            -0.9131954908370972,
            0.7671894431114197
          ],
          [
            -0.6623319387435913,
            0.656494677066803,
            -0.36101409792900085,
            -0.5112982988357544
          ],
          [
            0.6373715400695801,
            0.7470037937164307,
            0.1890576183795929,
            -0.2765553891658783
          ],
          [
            0.0,
            0.0,
            0.0,
            1.0
          ]
        ]
      },
      {
        "heldout_index": 4,
        "global_index": 32,
        "slug": "frame_32",
        "camera_id": "CAM_MAIN",
        "source_image": "DJI_20241217084445_0066_D.JPG",
        "resolution": [
          1319,
          988
        ],
        "render_seconds": 0.0038406848907470703,
        "psnr": 19.284291856030055,
        "alpha_mean": 0.9992592930793762,
        "alpha_coverage_gt_0_05": 1.0,
        "alpha_coverage_gt_0_10": 1.0,
        "render_black_ratio_lt_0_02": 0.0,
        "depth_valid_fraction": 1.0,
        "depth_visualization_quantiles": {
          "p02": 0.36436930418014524,
          "p98": 1.1824950218200692
        },
        "K": [
          [
            875.0769653320312,
            0.0,
            660.0736694335938
          ],
          [
            0.0,
            901.574951171875,
            494.5352783203125
          ],
          [
            0.0,
            0.0,
            1.0
          ]
        ],
        "camtoworld": [
          [
            0.3887629806995392,
            -0.10039015859365463,
            -0.9158521294593811,
            0.7746948003768921
          ],
          [
            -0.6599350571632385,
            0.6633173823356628,
            -0.35283952951431274,
            -0.8460866212844849
          ],
          [
            0.6429222822189331,
            0.7415738701820374,
            0.19162225723266602,
            -0.8750610947608948
          ],
          [
            0.0,
            0.0,
            0.0,
            1.0
          ]
        ]
      },
      {
        "heldout_index": 5,
        "global_index": 40,
        "slug": "frame_40",
        "camera_id": "CAM_MAIN",
        "source_image": "DJI_20241217084501_0074_D.JPG",
        "resolution": [
          1319,
          988
        ],
        "render_seconds": 0.003921985626220703,
        "psnr": 19.661278046935447,
        "alpha_mean": 0.9985501766204834,
        "alpha_coverage_gt_0_05": 1.0,
        "alpha_coverage_gt_0_10": 1.0,
        "render_black_ratio_lt_0_02": 0.0,
        "depth_valid_fraction": 1.0,
        "depth_visualization_quantiles": {
          "p02": 0.4645213782787323,
          "p98": 1.3124696493148806
        },
        "K": [
          [
            875.0769653320312,
            0.0,
            660.0736694335938
          ],
          [
            0.0,
            901.574951171875,
            494.5352783203125
          ],
          [
            0.0,
            0.0,
            1.0
          ]
        ],
        "camtoworld": [
          [
            0.39060887694358826,
            -0.08160202950239182,
            -0.9169328212738037,
            0.7754642367362976
          ],
          [
            -0.6671427488327026,
            0.6612410545349121,
            -0.3430463969707489,
            -1.1016563177108765
          ],
          [
            0.6343069076538086,
            0.7457220554351807,
            0.20384642481803894,
            -1.3282592296600342
          ],
          [
            0.0,
            0.0,
            0.0,
            1.0
          ]
        ]
      },
      {
        "heldout_index": 6,
        "global_index": 48,
        "slug": "frame_48",
        "camera_id": "CAM_MAIN",
        "source_image": "DJI_20241217084517_0082_D.JPG",
        "resolution": [
          1319,
          988
        ],
        "render_seconds": 0.003807544708251953,
        "psnr": 18.984538516637944,
        "alpha_mean": 0.9961807727813721,
        "alpha_coverage_gt_0_05": 1.0,
        "alpha_coverage_gt_0_10": 1.0,
        "render_black_ratio_lt_0_02": 0.0,
        "depth_valid_fraction": 1.0,
        "depth_visualization_quantiles": {
          "p02": 0.45491811633110046,
          "p98": 1.6608177280426037
        },
        "K": [
          [
            875.0769653320312,
            0.0,
            660.0736694335938
          ],
          [
            0.0,
            901.574951171875,
            494.5352783203125
          ],
          [
            0.0,
            0.0,
            1.0
          ]
        ],
        "camtoworld": [
          [
            0.1137821227312088,
            0.392898291349411,
            -0.9125155210494995,
            0.6182101964950562
          ],
          [
            -0.711822509765625,
            -0.6085038781166077,
            -0.35075879096984863,
            -0.8434162735939026
          ],
          [
            -0.6930817365646362,
            0.6894591450691223,
            0.21043699979782104,
            -1.5650349855422974
          ],
          [
            0.0,
            0.0,
            0.0,
            1.0
          ]
        ]
      },
      {
        "heldout_index": 7,
        "global_index": 56,
        "slug": "frame_56",
        "camera_id": "CAM_MAIN",
        "source_image": "DJI_20241217084533_0090_D.JPG",
        "resolution": [
          1319,
          988
        ],
        "render_seconds": 0.004221200942993164,
        "psnr": 21.26947985619052,
        "alpha_mean": 0.9991132020950317,
        "alpha_coverage_gt_0_05": 1.0,
        "alpha_coverage_gt_0_10": 1.0,
        "render_black_ratio_lt_0_02": 0.0,
        "depth_valid_fraction": 1.0,
        "depth_visualization_quantiles": {
          "p02": 0.42061112582683563,
          "p98": 1.218319051265717
        },
        "K": [
          [
            875.0769653320312,
            0.0,
            660.0736694335938
          ],
          [
            0.0,
            901.574951171875,
            494.5352783203125
          ],
          [
            0.0,
            0.0,
            1.0
          ]
        ],
        "camtoworld": [
          [
            -0.41462722420692444,
            0.0921446830034256,
            -0.9053140878677368,
            0.6282998919487
          ],
          [
            0.6563618183135986,
            -0.6587969064712524,
            -0.36766257882118225,
            -0.6463528275489807
          ],
          [
            -0.6302962899208069,
            -0.7466565370559692,
            0.21267490088939667,
            -1.1932082176208496
          ],
          [
            0.0,
            0.0,
            0.0,
            1.0
          ]
        ]
      },
      {
        "heldout_index": 8,
        "global_index": 64,
        "slug": "frame_64",
        "camera_id": "CAM_MAIN",
        "source_image": "DJI_20241217084549_0098_D.JPG",
        "resolution": [
          1319,
          988
        ],
        "render_seconds": 0.0041484832763671875,
        "psnr": 21.898918570864847,
        "alpha_mean": 0.9979758262634277,
        "alpha_coverage_gt_0_05": 1.0,
        "alpha_coverage_gt_0_10": 1.0,
        "render_black_ratio_lt_0_02": 0.0,
        "depth_valid_fraction": 1.0,
        "depth_visualization_quantiles": {
          "p02": 0.43578540325164794,
          "p98": 1.5527779936790467
        },
        "K": [
          [
            875.0769653320312,
            0.0,
            660.0736694335938
          ],
          [
            0.0,
            901.574951171875,
            494.5352783203125
          ],
          [
            0.0,
            0.0,
            1.0
          ]
        ],
        "camtoworld": [
          [
            -0.4119238257408142,
            0.09802620112895966,
            -0.90593022108078,
            0.6211187243461609
          ],
          [
            0.6582881808280945,
            -0.6554218530654907,
            -0.370241641998291,
            -0.30923429131507874
          ],
          [
            -0.6300598382949829,
            -0.7488745450973511,
            0.20545439422130585,
            -0.5870551466941833
          ],
          [
            0.0,
            0.0,
            0.0,
            1.0
          ]
        ]
      },
      {
        "heldout_index": 9,
        "global_index": 72,
        "slug": "frame_72",
        "camera_id": "CAM_MAIN",
        "source_image": "DJI_20241217084605_0106_D.JPG",
        "resolution": [
          1319,
          988
        ],
        "render_seconds": 0.004262208938598633,
        "psnr": 19.267012573568845,
        "alpha_mean": 0.9991914629936218,
        "alpha_coverage_gt_0_05": 1.0,
        "alpha_coverage_gt_0_10": 1.0,
        "render_black_ratio_lt_0_02": 0.0,
        "depth_valid_fraction": 1.0,
        "depth_visualization_quantiles": {
          "p02": 0.2537791121006012,
          "p98": 1.1571540522575379
        },
        "K": [
          [
            875.0769653320312,
            0.0,
            660.0736694335938
          ],
          [
            0.0,
            901.574951171875,
            494.5352783203125
          ],
          [
            0.0,
            0.0,
            1.0
          ]
        ],
        "camtoworld": [
          [
            -0.4126223027706146,
            0.11528081446886063,
            -0.903577983379364,
            0.6095367670059204
          ],
          [
            0.6571868062019348,
            -0.6492049098014832,
            -0.3829340636730194,
            0.025145912542939186
          ],
          [
            -0.6307522058486938,
            -0.7518266439437866,
            0.1921153962612152,
            0.01805161125957966
          ],
          [
            0.0,
            0.0,
            0.0,
            1.0
          ]
        ]
      },
      {
        "heldout_index": 10,
        "global_index": 80,
        "slug": "frame_80",
        "camera_id": "CAM_MAIN",
        "source_image": "DJI_20241217084621_0114_D.JPG",
        "resolution": [
          1319,
          988
        ],
        "render_seconds": 0.0046727657318115234,
        "psnr": 23.144156027283586,
        "alpha_mean": 0.9989920854568481,
        "alpha_coverage_gt_0_05": 1.0,
        "alpha_coverage_gt_0_10": 1.0,
        "render_black_ratio_lt_0_02": 0.0,
        "depth_valid_fraction": 1.0,
        "depth_visualization_quantiles": {
          "p02": 0.3306610709428787,
          "p98": 1.2317155432701126
        },
        "K": [
          [
            875.0769653320312,
            0.0,
            660.0736694335938
          ],
          [
            0.0,
            901.574951171875,
            494.5352783203125
          ],
          [
            0.0,
            0.0,
            1.0
          ]
        ],
        "camtoworld": [
          [
            -0.404689759016037,
            0.13269570469856262,
            -0.9047751426696777,
            0.588431715965271
          ],
          [
            0.6605907678604126,
            -0.6417471766471863,
            -0.3895900547504425,
            0.2959132194519043
          ],
          [
            -0.6323338150978088,
            -0.7553492188453674,
            0.17205093801021576,
            0.525222897529602
          ],
          [
            0.0,
            0.0,
            0.0,
            1.0
          ]
        ]
      },
      {
        "heldout_index": 11,
        "global_index": 88,
        "slug": "frame_88",
        "camera_id": "CAM_MAIN",
        "source_image": "DJI_20241217084637_0122_D.JPG",
        "resolution": [
          1319,
          988
        ],
        "render_seconds": 0.0037031173706054688,
        "psnr": 20.34407286127697,
        "alpha_mean": 0.9932339191436768,
        "alpha_coverage_gt_0_05": 1.0,
        "alpha_coverage_gt_0_10": 1.0,
        "render_black_ratio_lt_0_02": 4.834358012603095e-05,
        "depth_valid_fraction": 1.0,
        "depth_visualization_quantiles": {
          "p02": 0.4437198132276535,
          "p98": 1.4259726548194889
        },
        "K": [
          [
            875.0769653320312,
            0.0,
            660.0736694335938
          ],
          [
            0.0,
            901.574951171875,
            494.5352783203125
          ],
          [
            0.0,
            0.0,
            1.0
          ]
        ],
        "camtoworld": [
          [
            0.1087731346487999,
            0.420064240694046,
            -0.9009519815444946,
            0.495906263589859
          ],
          [
            -0.5762003064155579,
            -0.7119007110595703,
            -0.40148547291755676,
            0.5662990808486938
          ],
          [
            -0.8100380301475525,
            0.5627996325492859,
            0.16460546851158142,
            0.6778537034988403
          ],
          [
            0.0,
            0.0,
            0.0,
            1.0
          ]
        ]
      },
      {
        "heldout_index": 12,
        "global_index": 96,
        "slug": "frame_96",
        "camera_id": "CAM_MAIN",
        "source_image": "DJI_20241217084653_0130_D.JPG",
        "resolution": [
          1319,
          988
        ],
        "render_seconds": 0.0047245025634765625,
        "psnr": 23.704346867230115,
        "alpha_mean": 0.9992474913597107,
        "alpha_coverage_gt_0_05": 1.0,
        "alpha_coverage_gt_0_10": 1.0,
        "render_black_ratio_lt_0_02": 7.673584146989039e-07,
        "depth_valid_fraction": 1.0,
        "depth_visualization_quantiles": {
          "p02": 0.3357343316078186,
          "p98": 1.142500233650209
        },
        "K": [
          [
            875.0769653320312,
            0.0,
            660.0736694335938
          ],
          [
            0.0,
            901.574951171875,
            494.5352783203125
          ],
          [
            0.0,
            0.0,
            1.0
          ]
        ],
        "camtoworld": [
          [
            0.41259899735450745,
            -0.14221549034118652,
            -0.8997426629066467,
            0.43292948603630066
          ],
          [
            -0.6592308878898621,
            0.6350297927856445,
            -0.40268078446388245,
            0.5825610160827637
          ],
          [
            0.6286308169364929,
            0.7592838406562805,
            0.16825979948043823,
            0.3642148971557617
          ],
          [
            0.0,
            0.0,
            0.0,
            1.0
          ]
        ]
      },
      {
        "heldout_index": 13,
        "global_index": 104,
        "slug": "frame_104",
        "camera_id": "CAM_MAIN",
        "source_image": "DJI_20241217084709_0138_D.JPG",
        "resolution": [
          1319,
          988
        ],
        "render_seconds": 0.004470348358154297,
        "psnr": 17.653073338302363,
        "alpha_mean": 0.9988982677459717,
        "alpha_coverage_gt_0_05": 1.0,
        "alpha_coverage_gt_0_10": 1.0,
        "render_black_ratio_lt_0_02": 0.0,
        "depth_valid_fraction": 1.0,
        "depth_visualization_quantiles": {
          "p02": 0.22269288331270218,
          "p98": 1.29948783159256
        },
        "K": [
          [
            875.0769653320312,
            0.0,
            660.0736694335938
          ],
          [
            0.0,
            901.574951171875,
            494.5352783203125
          ],
          [
            0.0,
            0.0,
            1.0
          ]
        ],
        "camtoworld": [
          [
            0.41412776708602905,
            -0.1362849324941635,
            -0.8999581336975098,
            0.4519945979118347
          ],
          [
            -0.6551814079284668,
            0.6417168974876404,
            -0.39866873621940613,
            0.31985947489738464
          ],
          [
            0.6318508386611938,
            0.7547356486320496,
            0.17646142840385437,
            -0.12146864086389542
          ],
          [
            0.0,
            0.0,
            0.0,
            1.0
          ]
        ]
      },
      {
        "heldout_index": 14,
        "global_index": 112,
        "slug": "frame_112",
        "camera_id": "CAM_MAIN",
        "source_image": "DJI_20241217084725_0146_D.JPG",
        "resolution": [
          1319,
          988
        ],
        "render_seconds": 0.0043370723724365234,
        "psnr": 20.028522006356688,
        "alpha_mean": 0.9986603856086731,
        "alpha_coverage_gt_0_05": 1.0,
        "alpha_coverage_gt_0_10": 1.0,
        "render_black_ratio_lt_0_02": 0.0,
        "depth_valid_fraction": 1.0,
        "depth_visualization_quantiles": {
          "p02": 0.3346034586429596,
          "p98": 1.1372134351730359
        },
        "K": [
          [
            875.0769653320312,
            0.0,
            660.0736694335938
          ],
          [
            0.0,
            901.574951171875,
            494.5352783203125
          ],
          [
            0.0,
            0.0,
            1.0
          ]
        ],
        "camtoworld": [
          [
            0.419434517621994,
            -0.12338770925998688,
            -0.8993609547615051,
            0.46476608514785767
          ],
          [
            -0.6556912660598755,
            0.6439859867095947,
            -0.3941459357738495,
            -0.00725206732749939
          ],
          [
            0.6278086304664612,
            0.7550215125083923,
            0.18920570611953735,
            -0.7254687547683716
          ],
          [
            0.0,
            0.0,
            0.0,
            1.0
          ]
        ]
      },
      {
        "heldout_index": 15,
        "global_index": 120,
        "slug": "frame_120",
        "camera_id": "CAM_MAIN",
        "source_image": "DJI_20241217084741_0154_D.JPG",
        "resolution": [
          1319,
          988
        ],
        "render_seconds": 0.004205226898193359,
        "psnr": 22.791424969238307,
        "alpha_mean": 0.9990456104278564,
        "alpha_coverage_gt_0_05": 1.0,
        "alpha_coverage_gt_0_10": 1.0,
        "render_black_ratio_lt_0_02": 0.0,
        "depth_valid_fraction": 1.0,
        "depth_visualization_quantiles": {
          "p02": 0.42852009415626524,
          "p98": 1.1396061539649975
        },
        "K": [
          [
            875.0769653320312,
            0.0,
            660.0736694335938
          ],
          [
            0.0,
            901.574951171875,
            494.5352783203125
          ],
          [
            0.0,
            0.0,
            1.0
          ]
        ],
        "camtoworld": [
          [
            0.4095667004585266,
            -0.10530222207307816,
            -0.9061824083328247,
            0.4756444990634918
          ],
          [
            -0.6598031520843506,
            0.6517826914787292,
            -0.373950719833374,
            -0.34899282455444336
          ],
          [
            0.6300118565559387,
            0.7510597705841064,
            0.19746975600719452,
            -1.3288060426712036
          ],
          [
            0.0,
            0.0,
            0.0,
            1.0
          ]
        ]
      },
      {
        "heldout_index": 16,
        "global_index": 128,
        "slug": "frame_128",
        "camera_id": "CAM_MAIN",
        "source_image": "DJI_20241217084757_0162_D.JPG",
        "resolution": [
          1319,
          988
        ],
        "render_seconds": 0.004095315933227539,
        "psnr": 19.673718540383348,
        "alpha_mean": 0.9974311590194702,
        "alpha_coverage_gt_0_05": 1.0,
        "alpha_coverage_gt_0_10": 1.0,
        "render_black_ratio_lt_0_02": 0.0,
        "depth_valid_fraction": 1.0,
        "depth_visualization_quantiles": {
          "p02": 0.43813909709453586,
          "p98": 1.6724341082572944
        },
        "K": [
          [
            875.0769653320312,
            0.0,
            660.0736694335938
          ],
          [
            0.0,
            901.574951171875,
            494.5352783203125
          ],
          [
            0.0,
            0.0,
            1.0
          ]
        ],
        "camtoworld": [
          [
            0.4147142767906189,
            -0.08999834209680557,
            -0.9054901599884033,
            0.4719942808151245
          ],
          [
            -0.6603897213935852,
            0.6548265218734741,
            -0.36754274368286133,
            -0.5962815284729004
          ],
          [
            0.6260172128677368,
            0.7504015564918518,
            0.21213191747665405,
            -1.769910216331482
          ],
          [
            0.0,
            0.0,
            0.0,
            1.0
          ]
        ]
      },
      {
        "heldout_index": 17,
        "global_index": 136,
        "slug": "frame_136",
        "camera_id": "CAM_MAIN",
        "source_image": "DJI_20241217084813_0170_D.JPG",
        "resolution": [
          1319,
          988
        ],
        "render_seconds": 0.0037071704864501953,
        "psnr": 16.03140546367345,
        "alpha_mean": 0.9940218925476074,
        "alpha_coverage_gt_0_05": 1.0,
        "alpha_coverage_gt_0_10": 1.0,
        "render_black_ratio_lt_0_02": 0.0,
        "depth_valid_fraction": 1.0,
        "depth_visualization_quantiles": {
          "p02": 0.42490972101688385,
          "p98": 3.7041796016693116
        },
        "K": [
          [
            875.0769653320312,
            0.0,
            660.0736694335938
          ],
          [
            0.0,
            901.574951171875,
            494.5352783203125
          ],
          [
            0.0,
            0.0,
            1.0
          ]
        ],
        "camtoworld": [
          [
            -0.4268702268600464,
            0.097438745200634,
            -0.8990480899810791,
            0.3159344494342804
          ],
          [
            0.6346019506454468,
            -0.675998330116272,
            -0.3745751976966858,
            -0.3098514676094055
          ],
          [
            -0.6442531943321228,
            -0.7304326891899109,
            0.22672875225543976,
            -1.9237335920333862
          ],
          [
            0.0,
            0.0,
            0.0,
            1.0
          ]
        ]
      },
      {
        "heldout_index": 18,
        "global_index": 144,
        "slug": "frame_144",
        "camera_id": "CAM_MAIN",
        "source_image": "DJI_20241217084829_0178_D.JPG",
        "resolution": [
          1319,
          988
        ],
        "render_seconds": 0.0040149688720703125,
        "psnr": 21.33073378793966,
        "alpha_mean": 0.9983605146408081,
        "alpha_coverage_gt_0_05": 1.0,
        "alpha_coverage_gt_0_10": 1.0,
        "render_black_ratio_lt_0_02": 0.0,
        "depth_valid_fraction": 1.0,
        "depth_visualization_quantiles": {
          "p02": 0.4477432870864868,
          "p98": 1.4123447132110631
        },
        "K": [
          [
            875.0769653320312,
            0.0,
            660.0736694335938
          ],
          [
            0.0,
            901.574951171875,
            494.5352783203125
          ],
          [
            0.0,
            0.0,
            1.0
          ]
        ],
        "camtoworld": [
          [
            -0.4303949177265167,
            0.09944024682044983,
            -0.8971465229988098,
            0.3197128474712372
          ],
          [
            0.6476712226867676,
            -0.658267080783844,
            -0.3836749494075775,
            -0.0678277313709259
          ],
          [
            -0.6287147402763367,
            -0.7461877465248108,
            0.21891020238399506,
            -1.4970407485961914
          ],
          [
            0.0,
            0.0,
            0.0,
            1.0
          ]
        ]
      },
      {
        "heldout_index": 19,
        "global_index": 152,
        "slug": "frame_152",
        "camera_id": "CAM_MAIN",
        "source_image": "DJI_20241217084845_0186_D.JPG",
        "resolution": [
          1319,
          988
        ],
        "render_seconds": 0.004183053970336914,
        "psnr": 20.922790879698955,
        "alpha_mean": 0.9980553984642029,
        "alpha_coverage_gt_0_05": 1.0,
        "alpha_coverage_gt_0_10": 1.0,
        "render_black_ratio_lt_0_02": 3.83679207349452e-06,
        "depth_valid_fraction": 1.0,
        "depth_visualization_quantiles": {
          "p02": 0.4458011293411255,
          "p98": 1.423669502735138
        },
        "K": [
          [
            875.0769653320312,
            0.0,
            660.0736694335938
          ],
          [
            0.0,
            901.574951171875,
            494.5352783203125
          ],
          [
            0.0,
            0.0,
            1.0
          ]
        ],
        "camtoworld": [
          [
            -0.4334986209869385,
            0.11087396740913391,
            -0.8943074941635132,
            0.30957144498825073
          ],
          [
            0.6461984515190125,
            -0.6534508466720581,
            -0.39424562454223633,
            0.26717257499694824
          ],
          [
            -0.6280975341796875,
            -0.748805046081543,
            0.2116234451532364,
            -0.8942006230354309
          ],
          [
            0.0,
            0.0,
            0.0,
            1.0
          ]
        ]
      },
      {
        "heldout_index": 20,
        "global_index": 160,
        "slug": "frame_160",
        "camera_id": "CAM_MAIN",
        "source_image": "DJI_20241217084901_0194_D.JPG",
        "resolution": [
          1319,
          988
        ],
        "render_seconds": 0.0040340423583984375,
        "psnr": 22.178578141448774,
        "alpha_mean": 0.9986323714256287,
        "alpha_coverage_gt_0_05": 1.0,
        "alpha_coverage_gt_0_10": 1.0,
        "render_black_ratio_lt_0_02": 0.0,
        "depth_valid_fraction": 1.0,
        "depth_visualization_quantiles": {
          "p02": 0.43173305451869964,
          "p98": 1.5014736866951
        },
        "K": [
          [
            875.0769653320312,
            0.0,
            660.0736694335938
          ],
          [
            0.0,
            901.574951171875,
            494.5352783203125
          ],
          [
            0.0,
            0.0,
            1.0
          ]
        ],
        "camtoworld": [
          [
            -0.43411871790885925,
            0.1243610829114914,
            -0.8922305107116699,
            0.2936718761920929
          ],
          [
            0.6498376727104187,
            -0.6427032351493835,
            -0.40576285123825073,
            0.5985698699951172
          ],
          [
            -0.6239005327224731,
            -0.7559542655944824,
            0.19819499552249908,
            -0.2872975170612335
          ],
          [
            0.0,
            0.0,
            0.0,
            1.0
          ]
        ]
      },
      {
        "heldout_index": 21,
        "global_index": 168,
        "slug": "frame_168",
        "camera_id": "CAM_MAIN",
        "source_image": "DJI_20241217084917_0202_D.JPG",
        "resolution": [
          1319,
          988
        ],
        "render_seconds": 0.003919363021850586,
        "psnr": 21.967484423342746,
        "alpha_mean": 0.9972450733184814,
        "alpha_coverage_gt_0_05": 1.0,
        "alpha_coverage_gt_0_10": 1.0,
        "render_black_ratio_lt_0_02": 0.0,
        "depth_valid_fraction": 1.0,
        "depth_visualization_quantiles": {
          "p02": 0.4212577575445175,
          "p98": 1.7409002780914329
        },
        "K": [
          [
            875.0769653320312,
            0.0,
            660.0736694335938
          ],
          [
            0.0,
            901.574951171875,
            494.5352783203125
          ],
          [
            0.0,
            0.0,
            1.0
          ]
        ],
        "camtoworld": [
          [
            -0.4293704330921173,
            0.1474064290523529,
            -0.8910176157951355,
            0.26885494589805603
          ],
          [
            0.6454450488090515,
            -0.639989972114563,
            -0.41690945625305176,
            0.8933146595954895
          ],
          [
            -0.6316974759101868,
            -0.7541114687919617,
            0.17965003848075867,
            0.2614966332912445
          ],
          [
            0.0,
            0.0,
            0.0,
            1.0
          ]
        ]
      }
    ],
    "mean_psnr": 20.62465096527295,
    "mean_alpha_coverage_gt_0_10": 1.0,
    "mean_render_black_ratio_lt_0_02": 2.4067150279192897e-06,
    "parser_transform": [
      [
        0.003465019135329931,
        -0.0012330332596675914,
        0.007840794639287824,
        0.8816474577057205
      ],
      [
        -0.007905515745258562,
        -0.001299281303523821,
        0.003289297508422746,
        -0.16370006341180066
      ],
      [
        0.0007079918053198511,
        -0.008473268925155193,
        -0.0016453724589687846,
        1.0028536437108126
      ],
      [
        0.0,
        0.0,
        0.0,
        1.0
      ]
    ],
    "camera_centers_bbox": {
      "min": [
        0.26885493532727195,
        -1.1306371631161911,
        -1.952031181966336
      ],
      "max": [
        0.8714153513715717,
        0.8933146390267319,
        1.0105448229323761
      ]
    }
  }
}
